Nodes= [30 70
       350 40
       550 180
       310 130
       100 170
       540 290
       120 240
       400 310
       220 370
       550 380];
   
Links= [1 2
        1 5
        2 3
        2 4
        3 4
        3 6
        3 8
        4 5
        4 8
        5 7
        6 8
        6 10
        7 8
        7 9
        8 9
        9 10];

T= [1  3  1.0 1.0
    1  4  0.7 0.5
    2  7  2.4 1.5
    3  4  2.4 2.1
    4  9  1.0 2.2
    5  6  1.2 1.5
    5  8  2.1 2.5
    5  9  1.6 1.9
    6 10  1.4 1.6];

nNodes= 10;